10-DOF output file. Angle: X	Y	Z	A
.15.500000 24.299999 50.599998 -60.000000 0.000000
15.500000 24.400000 50.599998 -60.000000 0.000000
15.500000 24.600000 50.500000 -60.000000 0.000000
15.500000 24.799999 50.500000 -60.000000 0.000000
15.500000 24.700001 50.500000 -60.000000 0.000000
15.400000 24.700001 50.500000 -60.000000 0.000000
15.400000 24.700001 50.400002 -60.000000 0.000000
15.400000 24.799999 50.400002 -60.000000 0.000000
15.400000 24.700001 50.400002 -60.000000 0.000000
15.400000 25.000000 50.400002 -60.000000 0.000000
15.400000 25.100000 50.400002 -60.000000 0.000000
15.400000 25.100000 50.400002 -60.000000 0.000000
15.400000 25.000000 50.400002 -60.000000 0.000000
15.400000 25.200001 50.500000 -60.000000 0.000000
15.500000 25.299999 50.500000 -60.000000 0.000000
15.500000 25.000000 50.500000 -60.000000 0.000000
15.500000 25.000000 50.500000 -60.000000 0.000000
15.500000 24.700001 50.599998 -60.000000 0.000000
15.500000 24.500000 50.599998 -60.000000 0.000000
15.500000 24.299999 50.599998 -60.000000 0.000000
15.500000 24.200001 50.599998 -60.000000 0.000000
15.500000 24.400000 50.599998 -60.000000 0.000000
15.500000 24.400000 50.500000 -60.000000 0.000000
18.200001 25.299999 53.700001 -60.000000 0.000000
16.700001 24.600000 49.500000 -60.000000 0.000000
15.400000 21.600000 41.400002 -60.000000 0.000000
13.600000 17.400000 26.700001 -60.000000 0.000000
11.200000 9.100000 12.700000 -60.000000 0.000000
9.100000 9.000000 2.100000 -60.000000 0.000000
3.000000 5.000000 -4.500000 -60.000000 0.000000
-3.400000 0.100000 -11.100000 -60.000000 0.000000
-7.600000 -0.200000 -16.400000 -60.000000 0.000000
-10.400000 1.500000 -22.100000 -60.000000 0.000000
-12.700000 5.300000 -29.299999 -60.000000 0.000000
-14.300000 5.100000 -35.900002 -60.000000 0.000000
-15.400000 7.000000 -45.299999 -60.000000 0.000000
-15.100000 12.700000 -57.500000 -60.000000 0.000000
-19.600000 17.900000 -68.000000 -60.000000 0.000000
-19.799999 25.100000 -71.099998 -60.000000 0.000000
-16.400000 32.400002 -64.500000 -60.000000 0.000000
-9.200000 39.900002 -50.299999 -60.000000 0.000000
-6.200000 44.599998 -35.000000 -60.000000 0.000000
-5.900000 43.400002 -14.300000 -60.000000 0.000000
-4.900000 36.000000 2.900000 -60.000000 0.000000
-1.300000 24.700001 18.200001 -60.000000 0.000000
1.800000 13.100000 32.099998 -60.000000 0.000000
5.700000 8.300000 38.599998 -60.000000 0.000000
9.800000 5.800000 40.400002 -60.000000 0.000000
12.600000 5.500000 44.599998 -60.000000 0.000000
14.300000 6.000000 44.200001 -60.000000 0.000000
14.600000 5.900000 40.000000 -60.000000 0.000000
15.100000 5.900000 30.600000 -60.000000 0.000000
17.299999 5.800000 21.400000 -60.000000 0.000000
20.400000 2.200000 16.000000 -60.000000 0.000000
24.299999 -0.700000 11.700000 -60.000000 0.000000
29.299999 -1.200000 9.900000 -60.000000 0.000000
35.000000 -1.000000 5.300000 -60.000000 0.000000
41.400002 -1.700000 3.600000 -60.000000 0.000000
46.400002 0.100000 2.700000 -60.000000 0.000000
49.400002 1.300000 4.500000 -60.000000 0.000000
51.299999 1.300000 2.000000 -60.000000 0.000000
45.400002 3.700000 3.300000 -60.000000 0.000000
35.700001 4.500000 -2.100000 -60.000000 0.000000
28.100000 3.200000 3.300000 -60.000000 0.000000
14.100000 2.600000 1.800000 -60.000000 0.000000
-6.600000 5.100000 -3.400000 -60.000000 0.000000
-19.500000 10.600000 -3.000000 -60.000000 0.000000
-30.000000 8.400000 -8.000000 -60.000000 0.000000
-38.799999 7.300000 -12.100000 -60.000000 0.000000
-44.900002 3.200000 -14.100000 -60.000000 0.000000
-47.599998 -0.600000 -21.100000 -60.000000 0.000000
-42.599998 3.700000 -21.600000 -60.000000 0.000000
-41.099998 6.300000 -19.600000 -60.000000 0.000000
-37.500000 7.700000 -16.799999 -60.000000 0.000000
-28.299999 9.300000 -11.600000 -60.000000 0.000000
-12.700000 11.500000 -0.600000 -60.000000 0.000000
1.200000 13.700000 12.300000 -60.000000 0.000000
2.100000 7.600000 12.700000 -60.000000 0.000000
5.400000 6.300000 17.700001 -60.000000 0.000000
7.200000 5.200000 22.500000 -60.000000 0.000000
10.100000 8.500000 25.500000 -60.000000 0.000000
9.700000 9.600000 28.200001 -60.000000 0.000000
11.800000 14.000000 32.599998 -60.000000 0.000000
11.700000 15.200000 35.200001 -60.000000 0.000000
13.400000 18.500000 37.700001 -60.000000 0.000000
13.500000 21.600000 39.700001 -60.000000 0.000000
13.700000 24.700001 40.900002 -60.000000 0.000000
13.900000 26.299999 41.599998 -60.000000 0.000000
14.700000 27.500000 43.799999 -60.000000 0.000000
16.900000 30.000000 46.799999 -60.000000 0.000000
17.299999 32.900002 47.200001 -60.000000 0.000000
17.200001 34.400002 47.400002 -60.000000 0.000000
17.200001 34.900002 47.500000 -60.000000 0.000000
17.200001 35.099998 47.599998 -60.000000 0.000000
17.200001 34.799999 47.599998 -60.000000 0.000000
17.200001 34.500000 47.599998 -60.000000 0.000000
17.200001 34.200001 47.599998 -60.000000 0.000000
17.200001 33.900002 47.500000 -60.000000 0.000000
17.200001 33.700001 47.500000 -60.000000 0.000000
17.200001 33.299999 47.500000 -60.000000 0.000000
17.299999 33.299999 47.500000 -60.000000 0.000000
17.299999 33.400002 47.500000 -60.000000 0.000000
17.299999 33.200001 47.500000 -60.000000 0.000000
17.299999 33.000000 47.500000 -60.000000 0.000000
17.299999 33.000000 47.500000 -60.000000 0.000000
17.299999 32.799999 47.400002 -60.000000 0.000000
17.400000 33.000000 47.400002 -60.000000 0.000000
17.299999 32.900002 47.400002 -60.000000 0.000000
17.400000 32.799999 47.400002 -60.000000 0.000000
17.400000 32.700001 47.400002 -60.000000 0.000000
17.400000 32.500000 47.400002 -60.000000 0.000000
17.400000 32.299999 47.400002 -60.000000 0.000000
17.400000 32.400002 47.400002 -60.000000 0.000000
17.500000 32.799999 47.400002 -60.000000 0.000000
17.400000 32.599998 47.299999 -60.000000 0.000000
17.400000 32.599998 47.299999 -60.000000 0.000000
17.400000 32.500000 47.400002 -60.000000 0.000000
17.400000 32.500000 47.400002 -60.000000 0.000000
17.400000 32.700001 47.299999 -60.000000 0.000000
17.400000 32.700001 47.299999 -60.000000 0.000000
17.400000 32.599998 47.299999 -60.000000 0.000000
17.400000 32.500000 47.299999 -60.000000 0.000000
17.400000 32.599998 47.299999 -60.000000 0.000000
17.299999 32.900002 47.299999 -60.000000 0.000000
17.400000 32.599998 47.299999 -60.000000 0.000000
17.400000 32.500000 47.299999 -60.000000 0.000000
17.299999 32.500000 47.299999 -60.000000 0.000000
17.400000 32.599998 47.299999 -60.000000 0.000000
17.400000 32.500000 47.400002 -60.000000 0.000000
17.500000 32.599998 47.400002 -60.000000 0.000000
17.500000 32.799999 47.400002 -60.000000 0.000000
17.400000 32.900002 47.299999 -60.000000 0.000000
17.400000 32.900002 47.400002 -60.000000 0.000000
17.400000 33.000000 47.400002 -60.000000 0.000000
17.400000 32.799999 47.299999 -60.000000 0.000000
17.400000 32.700001 47.299999 -60.000000 0.000000
17.400000 32.799999 47.299999 -60.000000 0.000000
17.400000 32.700001 47.299999 -60.000000 0.000000
17.400000 32.500000 47.299999 -60.000000 0.000000
17.400000 32.200001 47.299999 -60.000000 0.000000
17.400000 32.299999 47.299999 -60.000000 0.000000
17.400000 32.500000 47.299999 -60.000000 0.000000
17.400000 32.500000 47.400002 -60.000000 0.000000
17.400000 32.299999 47.299999 -60.000000 0.000000
17.400000 32.299999 47.400002 -60.000000 0.000000
17.400000 32.299999 47.400002 -60.000000 0.000000
17.400000 32.200001 47.400002 -60.000000 0.000000
17.400000 32.000000 47.400002 -60.000000 0.000000
17.500000 32.200001 47.400002 -60.000000 0.000000
17.500000 31.900000 47.400002 -60.000000 0.000000
17.400000 32.400002 47.400002 -60.000000 0.000000
17.400000 32.299999 47.400002 -60.000000 0.000000
17.400000 32.400002 47.400002 -60.000000 0.000000
17.400000 32.099998 47.400002 -60.000000 0.000000
17.400000 32.200001 47.400002 -60.000000 0.000000
17.400000 32.000000 47.400002 -60.000000 0.000000
17.500000 32.200001 47.400002 -60.000000 0.000000
17.400000 32.200001 47.400002 -60.000000 0.000000
17.500000 32.000000 47.400002 -60.000000 0.000000
17.500000 32.200001 47.400002 -60.000000 0.000000
17.500000 32.299999 47.400002 -60.000000 0.000000
17.500000 32.299999 47.400002 -60.000000 0.000000
17.500000 32.099998 47.400002 -60.000000 0.000000
17.500000 32.099998 47.400002 -60.000000 0.000000
17.500000 32.200001 47.400002 -60.000000 0.000000
17.400000 32.099998 47.400002 -60.000000 0.000000
17.400000 31.900000 47.299999 -60.000000 0.000000
17.400000 31.900000 47.299999 -60.000000 0.000000
17.400000 32.299999 47.299999 -60.000000 0.000000
17.400000 32.200001 47.299999 -60.000000 0.000000
17.400000 32.500000 47.299999 -60.000000 0.000000
17.400000 32.599998 47.299999 -60.000000 0.000000
17.299999 32.799999 47.299999 -60.000000 0.000000
17.400000 32.799999 47.299999 -60.000000 0.000000
17.299999 32.599998 47.299999 -60.000000 0.000000
17.400000 32.599998 47.299999 -60.000000 0.000000
17.299999 32.799999 47.299999 -60.000000 0.000000
17.400000 33.099998 47.299999 -60.000000 0.000000
17.400000 33.000000 47.299999 -60.000000 0.000000
17.400000 32.900002 47.299999 -60.000000 0.000000
17.400000 32.700001 47.299999 -60.000000 0.000000
17.400000 32.599998 47.299999 -60.000000 0.000000
17.400000 32.599998 47.299999 -60.000000 0.000000
17.400000 32.599998 47.299999 -60.000000 0.000000
17.400000 32.500000 47.299999 -60.000000 0.000000
17.400000 32.500000 47.299999 -60.000000 0.000000
17.400000 32.700001 47.299999 -60.000000 0.000000
17.400000 32.700001 47.299999 -60.000000 0.000000
17.400000 32.700001 47.299999 -60.000000 0.000000
17.400000 32.500000 47.299999 -60.000000 0.000000
17.400000 32.400002 47.299999 -60.000000 0.000000
17.400000 32.500000 47.299999 -60.000000 0.000000
17.400000 32.299999 47.299999 -60.000000 0.000000
17.400000 32.299999 47.299999 -60.000000 0.000000
17.400000 32.200001 47.299999 -60.000000 0.000000
17.400000 32.299999 47.299999 -60.000000 0.000000
17.400000 32.599998 47.299999 -60.000000 0.000000
17.299999 32.500000 47.299999 -60.000000 0.000000
17.400000 32.400002 47.299999 -60.000000 0.000000
17.400000 32.099998 47.299999 -60.000000 0.000000
17.400000 32.000000 47.299999 -60.000000 0.000000
17.400000 32.400002 47.299999 -60.000000 0.000000
17.400000 32.500000 47.400002 -60.000000 0.000000
17.400000 32.200001 47.400002 -60.000000 0.000000
17.400000 32.099998 47.400002 -60.000000 0.000000
17.400000 32.500000 47.299999 -60.000000 0.000000
17.400000 32.299999 47.400002 -60.000000 0.000000
17.400000 32.099998 47.400002 -60.000000 0.000000
17.400000 31.799999 47.299999 -60.000000 0.000000
17.400000 32.099998 47.299999 -60.000000 0.000000
17.400000 32.299999 47.299999 -60.000000 0.000000
17.400000 32.299999 47.299999 -60.000000 0.000000
17.400000 32.299999 47.400002 -60.000000 0.000000
17.400000 32.400002 47.400002 -60.000000 0.000000
17.400000 32.500000 47.299999 -60.000000 0.000000
17.400000 32.299999 47.299999 -60.000000 0.000000
17.400000 32.099998 47.299999 -60.000000 0.000000
17.400000 32.000000 47.299999 -60.000000 0.000000
17.400000 32.099998 47.299999 -60.000000 0.000000
17.400000 32.200001 47.400002 -60.000000 0.000000
17.400000 32.400002 47.400002 -60.000000 0.000000
17.400000 32.400002 47.299999 -60.000000 0.000000
17.400000 32.099998 47.299999 -60.000000 0.000000
17.400000 32.000000 47.299999 -60.000000 0.000000
17.400000 32.099998 47.400002 -60.000000 0.000000
17.400000 32.099998 47.400002 -60.000000 0.000000
17.400000 32.000000 47.400002 -60.000000 0.000000
17.400000 32.299999 47.400002 -60.000000 0.000000
17.400000 32.400002 47.400002 -60.000000 0.000000
17.400000 32.200001 47.400002 -60.000000 0.000000
17.400000 32.299999 47.299999 -60.000000 0.000000
17.400000 32.299999 47.299999 -60.000000 0.000000
17.400000 32.299999 47.299999 -60.000000 0.000000
17.400000 32.200001 47.299999 -60.000000 0.000000
17.400000 32.299999 47.299999 -60.000000 0.000000
17.400000 32.200001 47.299999 -60.000000 0.000000
17.400000 32.299999 47.299999 -60.000000 0.000000
17.400000 32.500000 47.400002 -60.000000 0.000000
17.500000 32.500000 47.400002 -60.000000 0.000000
17.400000 32.200001 47.400002 -60.000000 0.000000
17.400000 32.099998 47.400002 -60.000000 0.000000
17.500000 31.900000 47.299999 -60.000000 0.000000
17.400000 32.299999 47.299999 -60.000000 0.000000
17.400000 32.500000 47.400002 -60.000000 0.000000
17.400000 32.500000 47.400002 -60.000000 0.000000
17.400000 32.200001 47.400002 -60.000000 0.000000
17.400000 32.200001 47.400002 -60.000000 0.000000
17.400000 32.299999 47.400002 -60.000000 0.000000
17.400000 32.400002 47.400002 -60.000000 0.000000
17.400000 32.200001 47.400002 -60.000000 0.000000
17.400000 32.200001 47.299999 -60.000000 0.000000
17.400000 32.500000 47.400002 -60.000000 0.000000
17.400000 32.299999 47.299999 -60.000000 0.000000
17.400000 32.099998 47.299999 -60.000000 0.000000
17.400000 32.099998 47.299999 -60.000000 0.000000
17.299999 32.099998 47.299999 -60.000000 0.000000
17.400000 32.200001 47.299999 -60.000000 0.000000
17.400000 32.200001 47.299999 -60.000000 0.000000
17.400000 32.500000 47.299999 -60.000000 0.000000
17.400000 32.599998 47.299999 -60.000000 0.000000
17.299999 32.599998 47.299999 -60.000000 0.000000
17.400000 32.599998 47.299999 -60.000000 0.000000
17.400000 32.799999 47.299999 -60.000000 0.000000
17.400000 32.900002 47.299999 -60.000000 0.000000
17.400000 32.799999 47.299999 -60.000000 0.000000
17.400000 32.700001 47.299999 -60.000000 0.000000
17.400000 32.400002 47.299999 -60.000000 0.000000
17.400000 32.200001 47.299999 -60.000000 0.000000
17.400000 32.299999 47.299999 -60.000000 0.000000
17.299999 32.299999 47.299999 -60.000000 0.000000
17.299999 32.400002 47.299999 -60.000000 0.000000
17.299999 32.500000 47.299999 -60.000000 0.000000
17.299999 32.599998 47.299999 -60.000000 0.000000
17.400000 32.700001 47.299999 -60.000000 0.000000
17.400000 32.599998 47.299999 -60.000000 0.000000
17.400000 32.700001 47.299999 -60.000000 0.000000
17.400000 32.700001 47.299999 -60.000000 0.000000
17.400000 32.500000 47.299999 -60.000000 0.000000
17.400000 32.299999 47.299999 -60.000000 0.000000
17.400000 32.400002 47.299999 -60.000000 0.000000
17.400000 32.599998 47.299999 -60.000000 0.000000
